34137889004589056
34131404497358849
34107851358220288
34094349260161024
34071358581243904
34040976850812928
34037904648970240
34005310284763136
33976546922332160
33969463611101184
33948908799397888
33942627074179073
33750422543929344
33635114156171264
33040001625374720
32866366780342272
32472774794547200
32318034269966336
32232627092066305
32065086306648064
31912572911357952
31476406428901376
31259237338320896
31120562348625920
31073769648816129
31072131420786688
30986955508424704
30764331222179841
30350948190658560
30048091021246466
29970038337306624
29957866773282816
29939079349010432
29760310558593026
29717904932995073
29713699522482178
29397164958425088
31185639047172097
31183101958823936
31181691653464064
31170425182490624
31169983044124672
31167887431438336
31167642920296448
31164790625800192
31164175371730944
31163786454900736
31163185008484352
31131973728608256
31114575285850112
31059197076439040
31049784668200961
31046433511575552
31026518679363584
31019890739515392
31002035608358913
30955693347442688
30913250694529024
30834556969947136
30817677584900096
30811083044298753
30809107552276480
30777543271383041
30773099582464000
30771910174314496
30766790141288448
30765809672392704
30765085458825216
30764961659621377
30764909063049216
30764349832306689
30764163454214144
30741699311439872
30412172752322560
30356159202336768
30134649363628032
9985282845581312
9983476329488384
9964806458970112
9963221750251520
9961609975693312
9939851994337280
9694870306164736
9671857011564545
9649299809771520
9641777925324800
9634699332685824
9623410468327425
9622343575805952
9621587351179264
9610900130373632
9610644344934400
9608680517271552
9607213706252288
9606637102702593
9605434390220800
9605221294415872
9603581250244608
9603467848843265
9603408730132481
9603137870364672
9601721059639296
9287534718623744
9247647885819904
9223985317154816
9007262743797760
32563233118224385
32563016352403458
32562862840881152
32562584318119936
32556706093334528
32551223093633024
32547024528220160
32545824781107200
32544556901728256
32542051270656000
32537517651660801
32534135566245888
32524545843798016
32518340215832576
32510107325566977
32498308576448512
32497497683263489
32493756485734400
32492672455286784
32489342857388032
32479664446382080
32463962310184960
32461993034129408
32461016214278144
32452709663637504
32443630325075969
32425454342250496
32423800356216832
32330056403517440
32302142257631232
32283223069294592
32282022927925248
32279272429199361
32216109251825664
32212892514254848
32208404537671680
32201676312018944
32193810171699201
32186277415624704
32182956688674816
32182761913581569
32182662915428353
32167786440564736
32165733504917504
32130418144714753
32116131632250880
32079189083426816
31522710861385728
31454836151033856
31380247010086912
31365408598528000
31151003717861376
30826447425773569
30809928255938560
30686499586445313
30414290078928897
30397831500005376
30167300455800832
30106535820525568
30094876775284736
9957866773282816
9901984060407808
9164118959194112
9104502158139392
35051323669876736
35048617307807744
35025932599164928
34994713400451073
34985117483012096
34983453120405504
34978302959550464
34867537472655360
34773103301107712
34761396126363648
34760827504427008
34719530634706945
34660050173820928
34659553731678208
34281314974842880
34279445481132032
33912425774317568
33824088577282048
33660793643868161
33320862929133571
33250421086621696
33180961285873664
33125314842329088
32948762015961088
32756463780765696
32462945027891203
32410321482153984
32137777072046080
31525680697057280
31491877417000960
31485385888497664
31014425431379968
30601840500408320
30599622661505024
30390370051297280
30266813568786432
30130867938533376
30092431236014080
29936611990966273
29590738727600128
28996802283839488
35008206379941888
35007359369617408
35003763781541889
34996542301544448
34990980218228736
34981632670703616
34946958061731840
34844797424377856
34839614447423488
34817436301656064
34785419807834113
34766323435180032
34744006017548289
34731153994809344
34730699638439937
34727251283017728
34711898351992832
34705115407454208
34697350811226112
34696092897517568
34679499022925824
34640769553928192
34617689926270977
34616661957033984
34612243727388672
34459879930470400
34452870459822082
34446321704243201
34422476230508544
34418437035925504
34417643653963776
34414727962558464
34411390550814720
34407689740091393
34400966480498688
34392022718615552
34390909470781440
34386547084107778
34383258972069888
34380599762354176
34378806152142848
34377227143479296
34373982169989120
34372382776889344
34359179313418240
34323520292917249
34288010170208256
34240450718076929
33638751682961408
33617648235323392
33159398620663808
33035101604413440
32981617152630784
32650566379249664
32477825437016065
32281161015230464
32087897356115968
31477694092808192
31455950149787648
30100969081536512
29529464719278080
29372479738744832

