20 0 34137889004589056 0
20 0 34131404497358849 0
20 0 34107851358220288 0
20 0 34094349260161024 0
20 0 34071358581243904 0
20 0 34040976850812928 0
20 0 34037904648970240 0
20 0 34005310284763136 0
20 0 33976546922332160 0
20 0 33969463611101184 0
20 0 33948908799397888 0
20 0 33942627074179073 0
20 0 33750422543929344 0
20 0 33635114156171264 0
20 0 33040001625374720 0
20 0 32866366780342272 0
20 0 32472774794547200 0
20 0 32318034269966336 0
20 0 32232627092066305 1
20 0 32065086306648064 0
20 0 31912572911357952 0
20 0 31476406428901376 0
20 0 31259237338320896 0
20 0 31120562348625920 0
20 0 31073769648816129 0
20 0 31072131420786688 0
20 0 30986955508424704 1
20 0 30764331222179841 0
20 0 30350948190658560 0
20 0 30048091021246466 0
20 0 29970038337306624 1
20 0 29957866773282816 1
20 0 29939079349010432 0
20 0 29760310558593026 0
20 0 29717904932995073 0
20 0 29713699522482178 1
20 0 29397164958425088 0
21 0 31185639047172097 2
21 0 31183101958823936 0
21 0 31181691653464064 0
21 0 31170425182490624 0
21 0 31169983044124672 0
21 0 31167887431438336 0
21 0 31167642920296448 0
21 0 31164790625800192 0
21 0 31164175371730944 0
21 0 31163786454900736 0
21 0 31163185008484352 0
21 0 31131973728608256 0
21 0 31114575285850112 0
21 0 31059197076439040 0
21 0 31049784668200961 0
21 0 31046433511575552 0
21 0 31026518679363584 0
21 0 31019890739515392 0
21 0 31002035608358913 0
21 0 30955693347442688 0
21 0 30913250694529024 0
21 0 30834556969947136 0
21 0 30817677584900096 0
21 0 30811083044298753 0
21 0 30809107552276480 0
21 0 30777543271383041 0
21 0 30773099582464000 1
21 0 30771910174314496 0
21 0 30766790141288448 0
21 0 30765809672392704 0
21 0 30765085458825216 0
21 0 30764961659621377 0
21 0 30764909063049216 0
21 0 30764349832306689 1
21 0 30764163454214144 2
21 0 30741699311439872 0
21 0 30412172752322560 0
21 0 30356159202336768 1
21 0 30134649363628032 0
21 0 29985282845581312 0
21 0 29983476329488384 0
21 0 29964806458970112 1
21 0 29963221750251520 1
21 0 29961609975693312 0
21 0 29939851994337280 0
21 0 29694870306164736 0
21 0 29671857011564545 0
21 0 29649299809771520 0
21 0 29641777925324800 0
21 0 29634699332685824 2
21 0 29623410468327425 0
21 0 29622343575805952 0
21 0 29621587351179264 0
21 0 29610900130373632 1
21 0 29610644344934400 1
21 0 29608680517271552 0
21 0 29607213706252288 1
21 0 29606637102702593 1
21 0 29605434390220800 1
21 0 29605221294415872 1
21 0 29603581250244608 0
21 0 29603467848843265 0
21 0 29603408730132481 0
21 0 29603137870364672 1
21 0 29601721059639296 0
21 0 29287534718623744 0
21 0 29247647885819904 0
21 0 29223985317154816 0
21 0 29007262743797760 0
22 0 32563233118224385 1
22 0 32563016352403458 0
22 0 32562862840881152 0
22 0 32562584318119936 0
22 0 32556706093334528 0
22 0 32551223093633024 0
22 0 32547024528220160 0
22 0 32545824781107200 0
22 0 32544556901728256 0
22 0 32542051270656000 0
22 0 32537517651660801 0
22 0 32534135566245888 0
22 0 32524545843798016 0
22 0 32518340215832576 1
22 0 32510107325566977 0
22 0 32498308576448512 0
22 0 32497497683263489 0
22 0 32493756485734400 0
22 0 32492672455286784 0
22 0 32489342857388032 0
22 0 32479664446382080 1
22 0 32463962310184960 1
22 0 32461993034129408 0
22 0 32461016214278144 2
22 0 32452709663637504 0
22 0 32443630325075969 0
22 0 32425454342250496 0
22 0 32423800356216832 0
22 0 32330056403517440 0
22 0 32302142257631232 2
22 0 32283223069294592 0
22 0 32282022927925248 2
22 0 32279272429199361 0
22 0 32216109251825664 0
22 0 32212892514254848 1
22 0 32208404537671680 2
22 0 32201676312018944 0
22 0 32193810171699201 2
22 0 32186277415624704 0
22 0 32182956688674816 0
22 0 32182761913581569 0
22 0 32182662915428353 0
22 0 32167786440564736 0
22 0 32165733504917504 0
22 0 32130418144714753 0
22 0 32116131632250880 1
22 0 32079189083426816 0
22 0 31522710861385728 0
22 0 31454836151033856 0
22 0 31380247010086912 0
22 0 31365408598528000 0
22 0 31151003717861376 0
22 0 30826447425773569 0
22 0 30809928255938560 0
22 0 30686499586445313 0
22 0 30414290078928897 0
22 0 30397831500005376 0
22 0 30167300455800832 0
22 0 30106535820525568 0
22 0 30094876775284736 0
22 0 29957866773282816 0
22 0 29901984060407808 0
22 0 29164118959194112 0
22 0 29104502158139392 0
23 0 35051323669876736 0
23 0 35048617307807744 1
23 0 35025932599164928 0
23 0 34994713400451073 0
23 0 34985117483012096 0
23 0 34983453120405504 0
23 0 34978302959550464 0
23 0 34867537472655360 0
23 0 34773103301107712 1
23 0 34761396126363648 0
23 0 34760827504427008 0
23 0 34719530634706945 0
23 0 34660050173820928 0
23 0 34659553731678208 0
23 0 34281314974842880 0
23 0 34279445481132032 0
23 0 33912425774317568 0
23 0 33824088577282048 0
23 0 33660793643868161 0
23 0 33320862929133571 0
23 0 33250421086621696 0
23 0 33180961285873664 1
23 0 33125314842329088 0
23 0 32948762015961088 1
23 0 32756463780765696 0
23 0 32462945027891203 0
23 0 32410321482153984 0
23 0 32137777072046080 0
23 0 31525680697057280 0
23 0 31491877417000960 0
23 0 31485385888497664 0
23 0 31014425431379968 0
23 0 30601840500408320 0
23 0 30599622661505024 1
23 0 30390370051297280 0
23 0 30266813568786432 0
23 0 30130867938533376 0
23 0 30092431236014080 0
23 0 29936611990966273 0
23 0 29590738727600128 0
23 0 28996802283839488 0
24 0 35008206379941888 0
24 0 35007359369617408 0
24 0 35003763781541889 0
24 0 34996542301544448 0
24 0 34990980218228736 0
24 0 34981632670703616 0
24 0 34946958061731840 0
24 0 34844797424377856 0
24 0 34839614447423488 0
24 0 34817436301656064 0
24 0 34785419807834113 0
24 0 34766323435180032 0
24 0 34744006017548289 0
24 0 34731153994809344 0
24 0 34730699638439937 0
24 0 34727251283017728 0
24 0 34711898351992832 1
24 0 34705115407454208 0
24 0 34697350811226112 0
24 0 34696092897517568 1
24 0 34679499022925824 0
24 0 34640769553928192 0
24 0 34617689926270977 0
24 0 34616661957033984 0
24 0 34612243727388672 0
24 0 34459879930470400 0
24 0 34452870459822082 0
24 0 34446321704243201 0
24 0 34422476230508544 0
24 0 34418437035925504 0
24 0 34417643653963776 0
24 0 34414727962558464 1
24 0 34411390550814720 0
24 0 34407689740091393 0
24 0 34400966480498688 0
24 0 34392022718615552 0
24 0 34390909470781440 0
24 0 34386547084107778 0
24 0 34383258972069888 0
24 0 34380599762354176 0
24 0 34378806152142848 0
24 0 34377227143479296 0
24 0 34373982169989120 1
24 0 34372382776889344 0
24 0 34359179313418240 0
24 0 34323520292917249 0
24 0 34288010170208256 0
24 0 34240450718076929 0
24 0 33638751682961408 0
24 0 33617648235323392 0
24 0 33159398620663808 0
24 0 33035101604413440 0
24 0 32981617152630784 0
24 0 32650566379249664 0
24 0 32477825437016065 0
24 0 32281161015230464 0
24 0 32087897356115968 0
24 0 31477694092808192 0
24 0 31455950149787648 0
24 0 30100969081536512 0
24 0 29529464719278080 0
24 0 29372479738744832 0